Sample	0	1	2	3	4	5	6	7	8	9	10	11	12	13	14	15	16	17	18	19	20	21	22	23	24	25	26	27	28	29	30	31
SRR27848283_1	(17.0, 4.0)	(18.0, 11.0)	(19.0, 68.0)	(20.0, 316.0)	(21.0, 1167.0)	(22.0, 4223.0)	(23.0, 10999.0)	(24.0, 27374.0)	(25.0, 53501.0)	(26.0, 107295.0)	(27.0, 176453.0)	(28.0, 300278.0)	(29.0, 451101.0)	(30.0, 735276.0)	(31.0, 1863551.0)	(32.0, 4413334.0)	(33.0, 16360895.0)	(34.0, 13018911.0)														
SRR27848283_2	(12.0, 5.0)	(13.0, 47.0)	(14.0, 329.0)	(15.0, 1233.0)	(16.0, 4135.0)	(17.0, 9001.0)	(18.0, 16694.0)	(19.0, 22110.0)	(20.0, 29751.0)	(21.0, 33204.0)	(22.0, 43264.0)	(23.0, 52224.0)	(24.0, 73790.0)	(25.0, 97805.0)	(26.0, 149763.0)	(27.0, 206432.0)	(28.0, 318519.0)	(29.0, 456568.0)	(30.0, 790160.0)	(31.0, 1633676.0)	(32.0, 4260862.0)	(33.0, 18188189.0)	(34.0, 11136996.0)									
SRR27848284_1	(17.0, 3.0)	(18.0, 12.0)	(19.0, 91.0)	(20.0, 370.0)	(21.0, 1625.0)	(22.0, 5738.0)	(23.0, 14288.0)	(24.0, 33110.0)	(25.0, 60908.0)	(26.0, 117889.0)	(27.0, 188827.0)	(28.0, 318137.0)	(29.0, 467245.0)	(30.0, 729118.0)	(31.0, 1292293.0)	(32.0, 3654676.0)	(33.0, 19969638.0)	(34.0, 14959813.0)														
SRR27848284_2	(12.0, 3.0)	(13.0, 36.0)	(14.0, 280.0)	(15.0, 1155.0)	(16.0, 3559.0)	(17.0, 7438.0)	(18.0, 14211.0)	(19.0, 19995.0)	(20.0, 29090.0)	(21.0, 35274.0)	(22.0, 47263.0)	(23.0, 56923.0)	(24.0, 79796.0)	(25.0, 103446.0)	(26.0, 154781.0)	(27.0, 213186.0)	(28.0, 327130.0)	(29.0, 479988.0)	(30.0, 829438.0)	(31.0, 1537031.0)	(32.0, 3782318.0)	(33.0, 20464691.0)	(34.0, 13626749.0)									
SRR27848285_1	(17.0, 1.0)	(18.0, 7.0)	(19.0, 46.0)	(20.0, 283.0)	(21.0, 974.0)	(22.0, 3698.0)	(23.0, 9985.0)	(24.0, 25156.0)	(25.0, 49191.0)	(26.0, 98811.0)	(27.0, 161872.0)	(28.0, 274036.0)	(29.0, 404485.0)	(30.0, 638727.0)	(31.0, 1212988.0)	(32.0, 3377541.0)	(33.0, 17005353.0)	(34.0, 12999131.0)														
SRR27848285_2	(12.0, 3.0)	(13.0, 37.0)	(14.0, 191.0)	(15.0, 822.0)	(16.0, 2621.0)	(17.0, 5600.0)	(18.0, 10597.0)	(19.0, 14563.0)	(20.0, 20757.0)	(21.0, 25094.0)	(22.0, 34332.0)	(23.0, 43391.0)	(24.0, 64448.0)	(25.0, 86671.0)	(26.0, 134240.0)	(27.0, 187485.0)	(28.0, 291678.0)	(29.0, 437879.0)	(30.0, 769916.0)	(31.0, 1389292.0)	(32.0, 3240881.0)	(33.0, 17680954.0)	(34.0, 11820833.0)									
SRR27848286_1	(16.0, 2.0)	(17.0, 3.0)	(18.0, 12.0)	(19.0, 64.0)	(20.0, 253.0)	(21.0, 996.0)	(22.0, 3388.0)	(23.0, 9009.0)	(24.0, 22683.0)	(25.0, 43756.0)	(26.0, 88760.0)	(27.0, 144427.0)	(28.0, 243286.0)	(29.0, 357351.0)	(30.0, 550048.0)	(31.0, 889225.0)	(32.0, 2652592.0)	(33.0, 16297061.0)	(34.0, 10659274.0)													
SRR27848286_2	(12.0, 7.0)	(13.0, 57.0)	(14.0, 473.0)	(15.0, 1786.0)	(16.0, 5362.0)	(17.0, 10319.0)	(18.0, 17962.0)	(19.0, 22359.0)	(20.0, 28551.0)	(21.0, 30155.0)	(22.0, 37516.0)	(23.0, 44996.0)	(24.0, 64518.0)	(25.0, 86833.0)	(26.0, 134237.0)	(27.0, 186251.0)	(28.0, 289122.0)	(29.0, 431888.0)	(30.0, 804741.0)	(31.0, 1650710.0)	(32.0, 3817845.0)	(33.0, 14900457.0)	(34.0, 9396045.0)									
SRR27848287_1	(17.0, 3.0)	(18.0, 7.0)	(19.0, 45.0)	(20.0, 266.0)	(21.0, 975.0)	(22.0, 3525.0)	(23.0, 8983.0)	(24.0, 21775.0)	(25.0, 41192.0)	(26.0, 81529.0)	(27.0, 132310.0)	(28.0, 221379.0)	(29.0, 325742.0)	(30.0, 512884.0)	(31.0, 1001646.0)	(32.0, 2812643.0)	(33.0, 13754866.0)	(34.0, 10278322.0)														
SRR27848287_2	(12.0, 4.0)	(13.0, 21.0)	(14.0, 112.0)	(15.0, 476.0)	(16.0, 1574.0)	(17.0, 3648.0)	(18.0, 7080.0)	(19.0, 10862.0)	(20.0, 16276.0)	(21.0, 20269.0)	(22.0, 28663.0)	(23.0, 36301.0)	(24.0, 53410.0)	(25.0, 71137.0)	(26.0, 108019.0)	(27.0, 148413.0)	(28.0, 228624.0)	(29.0, 337767.0)	(30.0, 588455.0)	(31.0, 1084279.0)	(32.0, 2592215.0)	(33.0, 14089373.0)	(34.0, 9771114.0)									
SRR27848288_1	(17.0, 2.0)	(18.0, 13.0)	(19.0, 53.0)	(20.0, 299.0)	(21.0, 1147.0)	(22.0, 4271.0)	(23.0, 10871.0)	(24.0, 27470.0)	(25.0, 52571.0)	(26.0, 104670.0)	(27.0, 168750.0)	(28.0, 282821.0)	(29.0, 421451.0)	(30.0, 691762.0)	(31.0, 1995109.0)	(32.0, 4148169.0)	(33.0, 15445110.0)	(34.0, 11283598.0)														
SRR27848288_2	(12.0, 4.0)	(13.0, 28.0)	(14.0, 161.0)	(15.0, 741.0)	(16.0, 2464.0)	(17.0, 5333.0)	(18.0, 10594.0)	(19.0, 15589.0)	(20.0, 21987.0)	(21.0, 25681.0)	(22.0, 34837.0)	(23.0, 43030.0)	(24.0, 63793.0)	(25.0, 88005.0)	(26.0, 138355.0)	(27.0, 196465.0)	(28.0, 312452.0)	(29.0, 486308.0)	(30.0, 922763.0)	(31.0, 1716088.0)	(32.0, 3500641.0)	(33.0, 16036975.0)	(34.0, 11015843.0)									
SRR27848289_1	(17.0, 1.0)	(18.0, 13.0)	(19.0, 38.0)	(20.0, 262.0)	(21.0, 949.0)	(22.0, 3401.0)	(23.0, 8744.0)	(24.0, 21436.0)	(25.0, 41234.0)	(26.0, 82019.0)	(27.0, 133348.0)	(28.0, 226323.0)	(29.0, 329203.0)	(30.0, 503559.0)	(31.0, 792032.0)	(32.0, 2040765.0)	(33.0, 14824817.0)	(34.0, 11852386.0)														
SRR27848289_2	(12.0, 4.0)	(13.0, 17.0)	(14.0, 111.0)	(15.0, 455.0)	(16.0, 1394.0)	(17.0, 3085.0)	(18.0, 6153.0)	(19.0, 9432.0)	(20.0, 14920.0)	(21.0, 19808.0)	(22.0, 29042.0)	(23.0, 37666.0)	(24.0, 55842.0)	(25.0, 73784.0)	(26.0, 110675.0)	(27.0, 150730.0)	(28.0, 228344.0)	(29.0, 323656.0)	(30.0, 519311.0)	(31.0, 927610.0)	(32.0, 2472617.0)	(33.0, 15143524.0)	(34.0, 10732350.0)									
SRR27848290_1	(18.0, 8.0)	(19.0, 29.0)	(20.0, 221.0)	(21.0, 919.0)	(22.0, 3289.0)	(23.0, 8595.0)	(24.0, 21127.0)	(25.0, 40539.0)	(26.0, 81678.0)	(27.0, 133357.0)	(28.0, 225561.0)	(29.0, 330307.0)	(30.0, 513003.0)	(31.0, 879234.0)	(32.0, 2458201.0)	(33.0, 14690410.0)	(34.0, 10830814.0)															
SRR27848290_2	(13.0, 31.0)	(14.0, 138.0)	(15.0, 517.0)	(16.0, 1597.0)	(17.0, 3283.0)	(18.0, 6647.0)	(19.0, 10005.0)	(20.0, 14939.0)	(21.0, 19017.0)	(22.0, 27226.0)	(23.0, 35612.0)	(24.0, 53539.0)	(25.0, 70622.0)	(26.0, 108216.0)	(27.0, 148962.0)	(28.0, 228635.0)	(29.0, 333252.0)	(30.0, 553666.0)	(31.0, 1006723.0)	(32.0, 2586131.0)	(33.0, 15011681.0)	(34.0, 9996853.0)										
SRR27848291_1	(16.0, 1.0)	(17.0, 7.0)	(18.0, 32.0)	(19.0, 87.0)	(20.0, 424.0)	(21.0, 1548.0)	(22.0, 5274.0)	(23.0, 12972.0)	(24.0, 31416.0)	(25.0, 60368.0)	(26.0, 118314.0)	(27.0, 190785.0)	(28.0, 320497.0)	(29.0, 486309.0)	(30.0, 871869.0)	(31.0, 3841490.0)	(32.0, 6079381.0)	(33.0, 12755779.0)	(34.0, 9481097.0)													
SRR27848291_2	(12.0, 4.0)	(13.0, 43.0)	(14.0, 241.0)	(15.0, 1078.0)	(16.0, 3683.0)	(17.0, 8641.0)	(18.0, 18197.0)	(19.0, 26813.0)	(20.0, 37404.0)	(21.0, 40304.0)	(22.0, 48896.0)	(23.0, 57205.0)	(24.0, 82706.0)	(25.0, 114156.0)	(26.0, 179163.0)	(27.0, 257120.0)	(28.0, 437247.0)	(29.0, 764170.0)	(30.0, 1642281.0)	(31.0, 2998190.0)	(32.0, 4761321.0)	(33.0, 13891191.0)	(34.0, 8887596.0)									
SRR27848292_1	(17.0, 2.0)	(18.0, 11.0)	(19.0, 49.0)	(20.0, 251.0)	(21.0, 956.0)	(22.0, 3207.0)	(23.0, 8269.0)	(24.0, 20328.0)	(25.0, 38596.0)	(26.0, 77401.0)	(27.0, 126528.0)	(28.0, 213844.0)	(29.0, 314940.0)	(30.0, 485828.0)	(31.0, 787464.0)	(32.0, 2248830.0)	(33.0, 14179628.0)	(34.0, 9655484.0)														
SRR27848292_2	(12.0, 3.0)	(13.0, 23.0)	(14.0, 140.0)	(15.0, 615.0)	(16.0, 1906.0)	(17.0, 4137.0)	(18.0, 8289.0)	(19.0, 12044.0)	(20.0, 17790.0)	(21.0, 22026.0)	(22.0, 30127.0)	(23.0, 36906.0)	(24.0, 53689.0)	(25.0, 70524.0)	(26.0, 106895.0)	(27.0, 147182.0)	(28.0, 223114.0)	(29.0, 319105.0)	(30.0, 530770.0)	(31.0, 1043084.0)	(32.0, 2875166.0)	(33.0, 13875093.0)	(34.0, 8782988.0)									
SRR27848293_1	(17.0, 1.0)	(18.0, 7.0)	(19.0, 54.0)	(20.0, 260.0)	(21.0, 1072.0)	(22.0, 4009.0)	(23.0, 10689.0)	(24.0, 26643.0)	(25.0, 51258.0)	(26.0, 100928.0)	(27.0, 162626.0)	(28.0, 272377.0)	(29.0, 426674.0)	(30.0, 901238.0)	(31.0, 2407730.0)	(32.0, 3564786.0)	(33.0, 13196580.0)	(34.0, 10039999.0)														
SRR27848293_2	(12.0, 1.0)	(13.0, 25.0)	(14.0, 213.0)	(15.0, 894.0)	(16.0, 2919.0)	(17.0, 6205.0)	(18.0, 12122.0)	(19.0, 16793.0)	(20.0, 23483.0)	(21.0, 26731.0)	(22.0, 34134.0)	(23.0, 41389.0)	(24.0, 60899.0)	(25.0, 84258.0)	(26.0, 131413.0)	(27.0, 189377.0)	(28.0, 316400.0)	(29.0, 529878.0)	(30.0, 1075619.0)	(31.0, 1958038.0)	(32.0, 3527070.0)	(33.0, 13786477.0)	(34.0, 9342593.0)									
SRR27848294_1	(17.0, 1.0)	(18.0, 9.0)	(19.0, 67.0)	(20.0, 385.0)	(21.0, 1704.0)	(22.0, 5843.0)	(23.0, 13890.0)	(24.0, 29465.0)	(25.0, 48610.0)	(26.0, 87141.0)	(27.0, 136719.0)	(28.0, 229668.0)	(29.0, 336371.0)	(30.0, 528145.0)	(31.0, 1031779.0)	(32.0, 2647845.0)	(33.0, 13919877.0)	(34.0, 11061315.0)														
SRR27848294_2	(12.0, 3.0)	(13.0, 20.0)	(14.0, 159.0)	(15.0, 591.0)	(16.0, 2015.0)	(17.0, 4580.0)	(18.0, 9543.0)	(19.0, 14668.0)	(20.0, 23093.0)	(21.0, 29366.0)	(22.0, 40368.0)	(23.0, 48742.0)	(24.0, 65206.0)	(25.0, 82190.0)	(26.0, 122780.0)	(27.0, 173167.0)	(28.0, 282376.0)	(29.0, 435373.0)	(30.0, 713180.0)	(31.0, 1087465.0)	(32.0, 2406783.0)	(33.0, 14593544.0)	(34.0, 9943622.0)									
SRR27848295_1	(17.0, 3.0)	(18.0, 10.0)	(19.0, 70.0)	(20.0, 355.0)	(21.0, 1346.0)	(22.0, 4603.0)	(23.0, 11262.0)	(24.0, 27551.0)	(25.0, 52148.0)	(26.0, 101515.0)	(27.0, 162385.0)	(28.0, 269129.0)	(29.0, 397605.0)	(30.0, 654996.0)	(31.0, 1722324.0)	(32.0, 4951166.0)	(33.0, 13788671.0)	(34.0, 9337327.0)														
SRR27848295_2	(12.0, 1.0)	(13.0, 37.0)	(14.0, 278.0)	(15.0, 1283.0)	(16.0, 4182.0)	(17.0, 9150.0)	(18.0, 17653.0)	(19.0, 24448.0)	(20.0, 33080.0)	(21.0, 35258.0)	(22.0, 42645.0)	(23.0, 50323.0)	(24.0, 72538.0)	(25.0, 98830.0)	(26.0, 154396.0)	(27.0, 221810.0)	(28.0, 372571.0)	(29.0, 639116.0)	(30.0, 1357151.0)	(31.0, 2543132.0)	(32.0, 4194844.0)	(33.0, 13069305.0)	(34.0, 8540435.0)									
SRR27848296_1	(17.0, 2.0)	(18.0, 11.0)	(19.0, 51.0)	(20.0, 256.0)	(21.0, 919.0)	(22.0, 3108.0)	(23.0, 7722.0)	(24.0, 18861.0)	(25.0, 36830.0)	(26.0, 73217.0)	(27.0, 119798.0)	(28.0, 202261.0)	(29.0, 297214.0)	(30.0, 471517.0)	(31.0, 990430.0)	(32.0, 3143891.0)	(33.0, 11764920.0)	(34.0, 8227354.0)														
SRR27848296_2	(12.0, 2.0)	(13.0, 40.0)	(14.0, 218.0)	(15.0, 848.0)	(16.0, 2626.0)	(17.0, 5752.0)	(18.0, 11289.0)	(19.0, 16206.0)	(20.0, 22456.0)	(21.0, 25002.0)	(22.0, 31910.0)	(23.0, 38194.0)	(24.0, 55204.0)	(25.0, 74589.0)	(26.0, 113883.0)	(27.0, 158587.0)	(28.0, 249332.0)	(29.0, 381460.0)	(30.0, 742439.0)	(31.0, 1470067.0)	(32.0, 3079628.0)	(33.0, 11555567.0)	(34.0, 7323063.0)									
SRR27848297_1	(18.0, 6.0)	(19.0, 45.0)	(20.0, 287.0)	(21.0, 1023.0)	(22.0, 3584.0)	(23.0, 8676.0)	(24.0, 19639.0)	(25.0, 36273.0)	(26.0, 69149.0)	(27.0, 111510.0)	(28.0, 187772.0)	(29.0, 274237.0)	(30.0, 423182.0)	(31.0, 700355.0)	(32.0, 2015448.0)	(33.0, 12103318.0)	(34.0, 9072817.0)															
SRR27848297_2	(12.0, 2.0)	(13.0, 25.0)	(14.0, 128.0)	(15.0, 511.0)	(16.0, 1719.0)	(17.0, 3800.0)	(18.0, 7649.0)	(19.0, 11526.0)	(20.0, 17283.0)	(21.0, 21381.0)	(22.0, 29445.0)	(23.0, 35629.0)	(24.0, 50826.0)	(25.0, 65652.0)	(26.0, 96923.0)	(27.0, 133801.0)	(28.0, 210349.0)	(29.0, 317676.0)	(30.0, 567018.0)	(31.0, 1020160.0)	(32.0, 2308852.0)	(33.0, 11974788.0)	(34.0, 8152178.0)									
SRR27848298_1	(17.0, 3.0)	(18.0, 13.0)	(19.0, 74.0)	(20.0, 363.0)	(21.0, 1367.0)	(22.0, 4930.0)	(23.0, 11856.0)	(24.0, 27740.0)	(25.0, 50552.0)	(26.0, 98584.0)	(27.0, 158613.0)	(28.0, 265726.0)	(29.0, 388884.0)	(30.0, 598013.0)	(31.0, 958803.0)	(32.0, 2752320.0)	(33.0, 17702978.0)	(34.0, 12664293.0)														
SRR27848298_2	(12.0, 3.0)	(13.0, 32.0)	(14.0, 242.0)	(15.0, 889.0)	(16.0, 3044.0)	(17.0, 6835.0)	(18.0, 13115.0)	(19.0, 18779.0)	(20.0, 27152.0)	(21.0, 32270.0)	(22.0, 43445.0)	(23.0, 53068.0)	(24.0, 75134.0)	(25.0, 100282.0)	(26.0, 154692.0)	(27.0, 224572.0)	(28.0, 391642.0)	(29.0, 674689.0)	(30.0, 1257864.0)	(31.0, 1917814.0)	(32.0, 3231964.0)	(33.0, 16321704.0)	(34.0, 11135881.0)									
SRR27848299_1	(17.0, 5.0)	(18.0, 13.0)	(19.0, 48.0)	(20.0, 274.0)	(21.0, 1222.0)	(22.0, 4357.0)	(23.0, 10823.0)	(24.0, 26107.0)	(25.0, 48396.0)	(26.0, 94421.0)	(27.0, 153847.0)	(28.0, 259281.0)	(29.0, 376425.0)	(30.0, 579811.0)	(31.0, 942374.0)	(32.0, 2609970.0)	(33.0, 17048329.0)	(34.0, 12303610.0)														
SRR27848299_2	(12.0, 2.0)	(13.0, 25.0)	(14.0, 166.0)	(15.0, 605.0)	(16.0, 1925.0)	(17.0, 4430.0)	(18.0, 8508.0)	(19.0, 13067.0)	(20.0, 19722.0)	(21.0, 24571.0)	(22.0, 34583.0)	(23.0, 44030.0)	(24.0, 63642.0)	(25.0, 84615.0)	(26.0, 129542.0)	(27.0, 182664.0)	(28.0, 294972.0)	(29.0, 453813.0)	(30.0, 766645.0)	(31.0, 1250432.0)	(32.0, 2836906.0)	(33.0, 16667563.0)	(34.0, 11576885.0)									
SRR27848300_1	(16.0, 1.0)	(17.0, 0.0)	(18.0, 12.0)	(19.0, 52.0)	(20.0, 313.0)	(21.0, 1342.0)	(22.0, 4729.0)	(23.0, 11605.0)	(24.0, 25939.0)	(25.0, 47232.0)	(26.0, 90238.0)	(27.0, 144919.0)	(28.0, 242751.0)	(29.0, 353996.0)	(30.0, 542216.0)	(31.0, 861189.0)	(32.0, 2328823.0)	(33.0, 16492485.0)	(34.0, 12021966.0)													
SRR27848300_2	(12.0, 5.0)	(13.0, 13.0)	(14.0, 161.0)	(15.0, 708.0)	(16.0, 2173.0)	(17.0, 4878.0)	(18.0, 9613.0)	(19.0, 14274.0)	(20.0, 21801.0)	(21.0, 27293.0)	(22.0, 38270.0)	(23.0, 46986.0)	(24.0, 67382.0)	(25.0, 88684.0)	(26.0, 134533.0)	(27.0, 190824.0)	(28.0, 311717.0)	(29.0, 481949.0)	(30.0, 806606.0)	(31.0, 1267483.0)	(32.0, 2719577.0)	(33.0, 15846186.0)	(34.0, 11088692.0)									
SRR27848301_1	(18.0, 3.0)	(19.0, 28.0)	(20.0, 223.0)	(21.0, 919.0)	(22.0, 3481.0)	(23.0, 9260.0)	(24.0, 23618.0)	(25.0, 46914.0)	(26.0, 93628.0)	(27.0, 153866.0)	(28.0, 257885.0)	(29.0, 370486.0)	(30.0, 549057.0)	(31.0, 843287.0)	(32.0, 1864745.0)	(33.0, 13277062.0)	(34.0, 14325990.0)															
SRR27848301_2	(4.0, 3.0)	(5.0, 2.0)	(6.0, 3.0)	(7.0, 4.0)	(8.0, 1.0)	(9.0, 0.0)	(10.0, 2.0)	(11.0, 0.0)	(12.0, 26.0)	(13.0, 56.0)	(14.0, 258.0)	(15.0, 798.0)	(16.0, 2560.0)	(17.0, 5461.0)	(18.0, 9868.0)	(19.0, 14526.0)	(20.0, 21299.0)	(21.0, 25980.0)	(22.0, 35625.0)	(23.0, 44139.0)	(24.0, 63427.0)	(25.0, 84187.0)	(26.0, 130010.0)	(27.0, 180249.0)	(28.0, 274566.0)	(29.0, 368358.0)	(30.0, 531177.0)	(31.0, 800533.0)	(32.0, 1810435.0)	(33.0, 13532102.0)	(34.0, 13884797.0)	
SRR27848302_1	(15.0, 2.0)	(16.0, 2.0)	(17.0, 6.0)	(18.0, 24.0)	(19.0, 70.0)	(20.0, 249.0)	(21.0, 1067.0)	(22.0, 3979.0)	(23.0, 10314.0)	(24.0, 26523.0)	(25.0, 52193.0)	(26.0, 103224.0)	(27.0, 166413.0)	(28.0, 276725.0)	(29.0, 397249.0)	(30.0, 618864.0)	(31.0, 1336439.0)	(32.0, 2200590.0)	(33.0, 12839192.0)	(34.0, 14557180.0)												
SRR27848302_2	(4.0, 2.0)	(5.0, 1.0)	(6.0, 2.0)	(7.0, 5.0)	(8.0, 1.0)	(9.0, 1.0)	(10.0, 2.0)	(11.0, 6.0)	(12.0, 26.0)	(13.0, 95.0)	(14.0, 401.0)	(15.0, 1405.0)	(16.0, 4244.0)	(17.0, 8798.0)	(18.0, 16448.0)	(19.0, 23176.0)	(20.0, 32780.0)	(21.0, 37265.0)	(22.0, 48789.0)	(23.0, 59529.0)	(24.0, 86944.0)	(25.0, 123031.0)	(26.0, 207985.0)	(27.0, 322875.0)	(28.0, 501164.0)	(29.0, 595924.0)	(30.0, 699011.0)	(31.0, 856992.0)	(32.0, 1729787.0)	(33.0, 12914106.0)	(34.0, 14319510.0)	
SRR27848303_1	(16.0, 1.0)	(17.0, 3.0)	(18.0, 12.0)	(19.0, 53.0)	(20.0, 262.0)	(21.0, 1029.0)	(22.0, 3860.0)	(23.0, 10530.0)	(24.0, 27340.0)	(25.0, 52889.0)	(26.0, 106141.0)	(27.0, 174495.0)	(28.0, 292711.0)	(29.0, 422110.0)	(30.0, 661746.0)	(31.0, 1452681.0)	(32.0, 1969868.0)	(33.0, 14719687.0)	(34.0, 16011799.0)													
SRR27848303_2	(3.0, 2.0)	(4.0, 6.0)	(5.0, 2.0)	(6.0, 3.0)	(7.0, 5.0)	(8.0, 4.0)	(9.0, 0.0)	(10.0, 1.0)	(11.0, 1.0)	(12.0, 13.0)	(13.0, 67.0)	(14.0, 318.0)	(15.0, 1180.0)	(16.0, 3493.0)	(17.0, 7375.0)	(18.0, 14175.0)	(19.0, 20262.0)	(20.0, 29414.0)	(21.0, 36309.0)	(22.0, 50436.0)	(23.0, 67281.0)	(24.0, 108785.0)	(25.0, 162352.0)	(26.0, 255163.0)	(27.0, 315150.0)	(28.0, 380044.0)	(29.0, 410864.0)	(30.0, 540405.0)	(31.0, 823295.0)	(32.0, 1955335.0)	(33.0, 15240387.0)	(34.0, 15485090.0)
SRR27848304_1	(17.0, 1.0)	(18.0, 16.0)	(19.0, 36.0)	(20.0, 218.0)	(21.0, 897.0)	(22.0, 3419.0)	(23.0, 9235.0)	(24.0, 23724.0)	(25.0, 46935.0)	(26.0, 95088.0)	(27.0, 156209.0)	(28.0, 262265.0)	(29.0, 377677.0)	(30.0, 567601.0)	(31.0, 951302.0)	(32.0, 1933421.0)	(33.0, 13245525.0)	(34.0, 14167996.0)														
SRR27848304_2	(4.0, 2.0)	(5.0, 3.0)	(6.0, 0.0)	(7.0, 3.0)	(8.0, 1.0)	(9.0, 3.0)	(10.0, 3.0)	(11.0, 2.0)	(12.0, 27.0)	(13.0, 65.0)	(14.0, 249.0)	(15.0, 818.0)	(16.0, 2317.0)	(17.0, 4765.0)	(18.0, 8902.0)	(19.0, 12682.0)	(20.0, 19029.0)	(21.0, 23148.0)	(22.0, 32725.0)	(23.0, 41197.0)	(24.0, 61843.0)	(25.0, 87423.0)	(26.0, 144534.0)	(27.0, 210972.0)	(28.0, 315723.0)	(29.0, 395024.0)	(30.0, 538475.0)	(31.0, 792999.0)	(32.0, 1802527.0)	(33.0, 13653357.0)	(34.0, 13692747.0)	
SRR27848305_1	(16.0, 1.0)	(17.0, 0.0)	(18.0, 5.0)	(19.0, 41.0)	(20.0, 267.0)	(21.0, 1081.0)	(22.0, 3958.0)	(23.0, 10549.0)	(24.0, 26626.0)	(25.0, 52261.0)	(26.0, 104669.0)	(27.0, 169840.0)	(28.0, 283985.0)	(29.0, 406571.0)	(30.0, 603928.0)	(31.0, 964489.0)	(32.0, 2151254.0)	(33.0, 14131465.0)	(34.0, 14726406.0)													
SRR27848305_2	(3.0, 2.0)	(4.0, 2.0)	(5.0, 2.0)	(6.0, 1.0)	(7.0, 4.0)	(8.0, 1.0)	(9.0, 1.0)	(10.0, 2.0)	(11.0, 3.0)	(12.0, 31.0)	(13.0, 85.0)	(14.0, 296.0)	(15.0, 964.0)	(16.0, 2806.0)	(17.0, 5959.0)	(18.0, 11290.0)	(19.0, 16265.0)	(20.0, 23988.0)	(21.0, 29116.0)	(22.0, 40351.0)	(23.0, 51419.0)	(24.0, 76075.0)	(25.0, 108390.0)	(26.0, 177939.0)	(27.0, 248064.0)	(28.0, 343216.0)	(29.0, 409357.0)	(30.0, 548431.0)	(31.0, 820935.0)	(32.0, 1895422.0)	(33.0, 14348443.0)	(34.0, 14478536.0)
SRR27848306_1	(16.0, 1.0)	(17.0, 2.0)	(18.0, 8.0)	(19.0, 60.0)	(20.0, 349.0)	(21.0, 1417.0)	(22.0, 5164.0)	(23.0, 13650.0)	(24.0, 31949.0)	(25.0, 59385.0)	(26.0, 113810.0)	(27.0, 182270.0)	(28.0, 304211.0)	(29.0, 436032.0)	(30.0, 662929.0)	(31.0, 1163330.0)	(32.0, 2106043.0)	(33.0, 15915273.0)	(34.0, 16336020.0)													
SRR27848306_2	(9.0, 1.0)	(10.0, 3.0)	(11.0, 4.0)	(12.0, 19.0)	(13.0, 93.0)	(14.0, 379.0)	(15.0, 1445.0)	(16.0, 4363.0)	(17.0, 9155.0)	(18.0, 17091.0)	(19.0, 24449.0)	(20.0, 34645.0)	(21.0, 40099.0)	(22.0, 52560.0)	(23.0, 62664.0)	(24.0, 87032.0)	(25.0, 116274.0)	(26.0, 180439.0)	(27.0, 240538.0)	(28.0, 332507.0)	(29.0, 409890.0)	(30.0, 574493.0)	(31.0, 878218.0)	(32.0, 2068740.0)	(33.0, 16170299.0)	(34.0, 16026503.0)						
SRR27848307_1	(17.0, 1.0)	(18.0, 10.0)	(19.0, 51.0)	(20.0, 262.0)	(21.0, 1198.0)	(22.0, 4369.0)	(23.0, 11525.0)	(24.0, 28579.0)	(25.0, 53699.0)	(26.0, 105472.0)	(27.0, 170433.0)	(28.0, 285472.0)	(29.0, 409223.0)	(30.0, 609161.0)	(31.0, 993567.0)	(32.0, 1975456.0)	(33.0, 14831561.0)	(34.0, 15627904.0)														
SRR27848307_2	(3.0, 2.0)	(4.0, 3.0)	(5.0, 3.0)	(6.0, 4.0)	(7.0, 1.0)	(8.0, 1.0)	(9.0, 2.0)	(10.0, 1.0)	(11.0, 3.0)	(12.0, 20.0)	(13.0, 78.0)	(14.0, 305.0)	(15.0, 997.0)	(16.0, 2935.0)	(17.0, 6191.0)	(18.0, 11751.0)	(19.0, 16908.0)	(20.0, 24245.0)	(21.0, 30187.0)	(22.0, 40928.0)	(23.0, 50237.0)	(24.0, 71479.0)	(25.0, 95415.0)	(26.0, 146299.0)	(27.0, 203945.0)	(28.0, 300523.0)	(29.0, 391212.0)	(30.0, 557501.0)	(31.0, 841799.0)	(32.0, 1934016.0)	(33.0, 15140566.0)	(34.0, 15240386.0)
SRR27848308_1	(18.0, 7.0)	(19.0, 48.0)	(20.0, 291.0)	(21.0, 1115.0)	(22.0, 4400.0)	(23.0, 11441.0)	(24.0, 29209.0)	(25.0, 57601.0)	(26.0, 115483.0)	(27.0, 185640.0)	(28.0, 308795.0)	(29.0, 447172.0)	(30.0, 713946.0)	(31.0, 1824833.0)	(32.0, 3186178.0)	(33.0, 13136947.0)	(34.0, 15126369.0)															
SRR27848308_2	(3.0, 1.0)	(4.0, 4.0)	(5.0, 3.0)	(6.0, 2.0)	(7.0, 9.0)	(8.0, 1.0)	(9.0, 4.0)	(10.0, 8.0)	(11.0, 8.0)	(12.0, 39.0)	(13.0, 74.0)	(14.0, 357.0)	(15.0, 1262.0)	(16.0, 3970.0)	(17.0, 9306.0)	(18.0, 19642.0)	(19.0, 31074.0)	(20.0, 48191.0)	(21.0, 68039.0)	(22.0, 120871.0)	(23.0, 207472.0)	(24.0, 360410.0)	(25.0, 517767.0)	(26.0, 686970.0)	(27.0, 697419.0)	(28.0, 656688.0)	(29.0, 540791.0)	(30.0, 578364.0)	(31.0, 797011.0)	(32.0, 1753196.0)	(33.0, 13271595.0)	(34.0, 14778927.0)
SRR27848309_1	(16.0, 1.0)	(17.0, 3.0)	(18.0, 8.0)	(19.0, 49.0)	(20.0, 224.0)	(21.0, 985.0)	(22.0, 3689.0)	(23.0, 10047.0)	(24.0, 25882.0)	(25.0, 51210.0)	(26.0, 103436.0)	(27.0, 167630.0)	(28.0, 280168.0)	(29.0, 409173.0)	(30.0, 670937.0)	(31.0, 1665837.0)	(32.0, 1854505.0)	(33.0, 13402078.0)	(34.0, 14825543.0)													
SRR27848309_2	(4.0, 2.0)	(5.0, 0.0)	(6.0, 5.0)	(7.0, 2.0)	(8.0, 2.0)	(9.0, 4.0)	(10.0, 5.0)	(11.0, 0.0)	(12.0, 34.0)	(13.0, 86.0)	(14.0, 352.0)	(15.0, 1149.0)	(16.0, 3698.0)	(17.0, 7455.0)	(18.0, 14218.0)	(19.0, 19878.0)	(20.0, 27541.0)	(21.0, 32048.0)	(22.0, 43226.0)	(23.0, 53816.0)	(24.0, 79325.0)	(25.0, 111963.0)	(26.0, 187453.0)	(27.0, 291819.0)	(28.0, 467638.0)	(29.0, 584619.0)	(30.0, 713348.0)	(31.0, 882139.0)	(32.0, 1807809.0)	(33.0, 13833859.0)	(34.0, 14307912.0)	
SRR27848310_1	(18.0, 12.0)	(19.0, 54.0)	(20.0, 273.0)	(21.0, 1089.0)	(22.0, 3958.0)	(23.0, 10718.0)	(24.0, 26804.0)	(25.0, 51341.0)	(26.0, 100442.0)	(27.0, 163440.0)	(28.0, 274587.0)	(29.0, 393414.0)	(30.0, 581874.0)	(31.0, 864239.0)	(32.0, 2026881.0)	(33.0, 14230450.0)	(34.0, 15399706.0)															
SRR27848310_2	(3.0, 1.0)	(4.0, 7.0)	(5.0, 2.0)	(6.0, 2.0)	(7.0, 2.0)	(8.0, 3.0)	(9.0, 0.0)	(10.0, 5.0)	(11.0, 4.0)	(12.0, 35.0)	(13.0, 73.0)	(14.0, 311.0)	(15.0, 1205.0)	(16.0, 3720.0)	(17.0, 7547.0)	(18.0, 14363.0)	(19.0, 20057.0)	(20.0, 28624.0)	(21.0, 34097.0)	(22.0, 44552.0)	(23.0, 53616.0)	(24.0, 75171.0)	(25.0, 98344.0)	(26.0, 152243.0)	(27.0, 216971.0)	(28.0, 337062.0)	(29.0, 450229.0)	(30.0, 617802.0)	(31.0, 868598.0)	(32.0, 1890645.0)	(33.0, 14514266.0)	(34.0, 14699725.0)
SRR27848311_1	(17.0, 1.0)	(18.0, 5.0)	(19.0, 37.0)	(20.0, 216.0)	(21.0, 859.0)	(22.0, 3349.0)	(23.0, 8747.0)	(24.0, 22974.0)	(25.0, 45112.0)	(26.0, 91027.0)	(27.0, 148683.0)	(28.0, 247771.0)	(29.0, 357523.0)	(30.0, 545744.0)	(31.0, 1001264.0)	(32.0, 1757623.0)	(33.0, 12627474.0)	(34.0, 13337836.0)														
SRR27848311_2	(5.0, 2.0)	(6.0, 2.0)	(7.0, 3.0)	(8.0, 1.0)	(9.0, 2.0)	(10.0, 2.0)	(11.0, 4.0)	(12.0, 16.0)	(13.0, 75.0)	(14.0, 352.0)	(15.0, 1358.0)	(16.0, 4166.0)	(17.0, 8607.0)	(18.0, 15746.0)	(19.0, 21733.0)	(20.0, 30090.0)	(21.0, 33682.0)	(22.0, 41594.0)	(23.0, 47789.0)	(24.0, 66175.0)	(25.0, 88816.0)	(26.0, 142143.0)	(27.0, 204444.0)	(28.0, 304432.0)	(29.0, 376195.0)	(30.0, 499847.0)	(31.0, 718417.0)	(32.0, 1623755.0)	(33.0, 12697819.0)	(34.0, 13268978.0)		
