	17.0	18.0	19.0	20.0	21.0	22.0	23.0	24.0	25.0	26.0	27.0	28.0	29.0	30.0	31.0	32.0	33.0	34.0
SRR27848283_1	4.0	11.0	68.0	316.0	1167.0	4223.0	10999.0	27374.0	53501.0	107295.0	176453.0	300278.0	451101.0	735276.0	1863551.0	4413334.0	16360895.0	13018911.0
	12.0	13.0	14.0	15.0	16.0	17.0	18.0	19.0	20.0	21.0	22.0	23.0	24.0	25.0	26.0	27.0	28.0	29.0	30.0	31.0	32.0	33.0	34.0
SRR27848283_2	5.0	47.0	329.0	1233.0	4135.0	9001.0	16694.0	22110.0	29751.0	33204.0	43264.0	52224.0	73790.0	97805.0	149763.0	206432.0	318519.0	456568.0	790160.0	1633676.0	4260862.0	18188189.0	11136996.0
	17.0	18.0	19.0	20.0	21.0	22.0	23.0	24.0	25.0	26.0	27.0	28.0	29.0	30.0	31.0	32.0	33.0	34.0
SRR27848284_1	3.0	12.0	91.0	370.0	1625.0	5738.0	14288.0	33110.0	60908.0	117889.0	188827.0	318137.0	467245.0	729118.0	1292293.0	3654676.0	19969638.0	14959813.0
	12.0	13.0	14.0	15.0	16.0	17.0	18.0	19.0	20.0	21.0	22.0	23.0	24.0	25.0	26.0	27.0	28.0	29.0	30.0	31.0	32.0	33.0	34.0
SRR27848284_2	3.0	36.0	280.0	1155.0	3559.0	7438.0	14211.0	19995.0	29090.0	35274.0	47263.0	56923.0	79796.0	103446.0	154781.0	213186.0	327130.0	479988.0	829438.0	1537031.0	3782318.0	20464691.0	13626749.0
	17.0	18.0	19.0	20.0	21.0	22.0	23.0	24.0	25.0	26.0	27.0	28.0	29.0	30.0	31.0	32.0	33.0	34.0
SRR27848285_1	1.0	7.0	46.0	283.0	974.0	3698.0	9985.0	25156.0	49191.0	98811.0	161872.0	274036.0	404485.0	638727.0	1212988.0	3377541.0	17005353.0	12999131.0
	12.0	13.0	14.0	15.0	16.0	17.0	18.0	19.0	20.0	21.0	22.0	23.0	24.0	25.0	26.0	27.0	28.0	29.0	30.0	31.0	32.0	33.0	34.0
SRR27848285_2	3.0	37.0	191.0	822.0	2621.0	5600.0	10597.0	14563.0	20757.0	25094.0	34332.0	43391.0	64448.0	86671.0	134240.0	187485.0	291678.0	437879.0	769916.0	1389292.0	3240881.0	17680954.0	11820833.0
	16.0	17.0	18.0	19.0	20.0	21.0	22.0	23.0	24.0	25.0	26.0	27.0	28.0	29.0	30.0	31.0	32.0	33.0	34.0
SRR27848286_1	2.0	3.0	12.0	64.0	253.0	996.0	3388.0	9009.0	22683.0	43756.0	88760.0	144427.0	243286.0	357351.0	550048.0	889225.0	2652592.0	16297061.0	10659274.0
	12.0	13.0	14.0	15.0	16.0	17.0	18.0	19.0	20.0	21.0	22.0	23.0	24.0	25.0	26.0	27.0	28.0	29.0	30.0	31.0	32.0	33.0	34.0
SRR27848286_2	7.0	57.0	473.0	1786.0	5362.0	10319.0	17962.0	22359.0	28551.0	30155.0	37516.0	44996.0	64518.0	86833.0	134237.0	186251.0	289122.0	431888.0	804741.0	1650710.0	3817845.0	14900457.0	9396045.0
	17.0	18.0	19.0	20.0	21.0	22.0	23.0	24.0	25.0	26.0	27.0	28.0	29.0	30.0	31.0	32.0	33.0	34.0
SRR27848287_1	3.0	7.0	45.0	266.0	975.0	3525.0	8983.0	21775.0	41192.0	81529.0	132310.0	221379.0	325742.0	512884.0	1001646.0	2812643.0	13754866.0	10278322.0
	12.0	13.0	14.0	15.0	16.0	17.0	18.0	19.0	20.0	21.0	22.0	23.0	24.0	25.0	26.0	27.0	28.0	29.0	30.0	31.0	32.0	33.0	34.0
SRR27848287_2	4.0	21.0	112.0	476.0	1574.0	3648.0	7080.0	10862.0	16276.0	20269.0	28663.0	36301.0	53410.0	71137.0	108019.0	148413.0	228624.0	337767.0	588455.0	1084279.0	2592215.0	14089373.0	9771114.0

