Sample	0	1	2	3	4	5	6	7	8	9	10	11	12	13	14	15	16	17	18	19	20	21	22	23	24	25	26	27	28	29	30	31	32	33	34	35	36
SRR27848283_1	(15, 1044.0)	(16, 1716.0)	(17, 3541.0)	(18, 3056.0)	(19, 2824.0)	(20, 3254.0)	(21, 10290.0)	(22, 29816.0)	(23, 32838.0)	(24, 14784.0)	(25, 14818.0)	(26, 23906.0)	(27, 31756.0)	(28, 53929.0)	(29, 77132.0)	(30, 98075.0)	(31, 246373.0)	(32, 114648.0)	(33, 96677.0)	(34, 103104.0)	(35, 104593.0)	(36, 116275.0)	(37, 133955.0)	(38, 139745.0)	(39, 151885.0)	(40, 163717.0)	(41, 180300.0)	(42, 204630.0)	(43, 155433.0)	(44, 143012.0)	(45, 148007.0)	(46, 160357.0)	(47, 160796.0)	(48, 165373.0)	(49, 164727.0)	(50, 170395.0)	(51, 30162720.0)
SRR27848283_2	(15, 475.0)	(16, 555.0)	(17, 487.0)	(18, 444.0)	(19, 676.0)	(20, 509.0)	(21, 720.0)	(22, 846.0)	(23, 1221.0)	(24, 1288.0)	(25, 1252.0)	(26, 1089.0)	(27, 999.0)	(28, 1238.0)	(29, 1804.0)	(30, 2214.0)	(31, 134885.0)	(32, 113691.0)	(33, 95328.0)	(34, 103465.0)	(35, 104636.0)	(36, 115851.0)	(37, 133115.0)	(38, 139588.0)	(39, 151224.0)	(40, 163321.0)	(41, 180915.0)	(42, 201213.0)	(43, 150452.0)	(44, 142509.0)	(45, 146805.0)	(46, 155508.0)	(47, 160821.0)	(48, 165348.0)	(49, 164726.0)	(50, 170339.0)	(51, 30679944.0)
SRR27848284_1	(15, 699.0)	(16, 950.0)	(17, 1622.0)	(18, 1393.0)	(19, 1281.0)	(20, 1449.0)	(21, 4368.0)	(22, 12747.0)	(23, 15254.0)	(24, 7878.0)	(25, 8092.0)	(26, 13757.0)	(27, 17415.0)	(28, 30114.0)	(29, 48747.0)	(30, 56296.0)	(31, 143874.0)	(32, 70866.0)	(33, 62365.0)	(34, 64808.0)	(35, 69325.0)	(36, 79095.0)	(37, 93302.0)	(38, 101322.0)	(39, 112409.0)	(40, 126760.0)	(41, 147327.0)	(42, 181926.0)	(43, 122571.0)	(44, 107319.0)	(45, 113602.0)	(46, 125707.0)	(47, 126144.0)	(48, 130041.0)	(49, 132999.0)	(50, 136100.0)	(51, 36959383.0)
SRR27848284_2	(15, 580.0)	(16, 682.0)	(17, 662.0)	(18, 606.0)	(19, 686.0)	(20, 639.0)	(21, 852.0)	(22, 1040.0)	(23, 1555.0)	(24, 1433.0)	(25, 1378.0)	(26, 1354.0)	(27, 1243.0)	(28, 1500.0)	(29, 2251.0)	(30, 2758.0)	(31, 78895.0)	(32, 69253.0)	(33, 60024.0)	(34, 64423.0)	(35, 69094.0)	(36, 78501.0)	(37, 91881.0)	(38, 100346.0)	(39, 111226.0)	(40, 125322.0)	(41, 145738.0)	(42, 177763.0)	(43, 116859.0)	(44, 106848.0)	(45, 112264.0)	(46, 120451.0)	(47, 126182.0)	(48, 130057.0)	(49, 133006.0)	(50, 136072.0)	(51, 37255883.0)
SRR27848285_1	(15, 652.0)	(16, 896.0)	(17, 1582.0)	(18, 1340.0)	(19, 1601.0)	(20, 1861.0)	(21, 6390.0)	(22, 18564.0)	(23, 21332.0)	(24, 10224.0)	(25, 10601.0)	(26, 16230.0)	(27, 23276.0)	(28, 38683.0)	(29, 57369.0)	(30, 76764.0)	(31, 198785.0)	(32, 93025.0)	(33, 78824.0)	(34, 79971.0)	(35, 85539.0)	(36, 98522.0)	(37, 113836.0)	(38, 121719.0)	(39, 133698.0)	(40, 145797.0)	(41, 164862.0)	(42, 192056.0)	(43, 139346.0)	(44, 124365.0)	(45, 129934.0)	(46, 141426.0)	(47, 141326.0)	(48, 145197.0)	(49, 146302.0)	(50, 149865.0)	(51, 31573615.0)
SRR27848285_2	(15, 530.0)	(16, 561.0)	(17, 562.0)	(18, 517.0)	(19, 609.0)	(20, 560.0)	(21, 844.0)	(22, 998.0)	(23, 1339.0)	(24, 1255.0)	(25, 1293.0)	(26, 1177.0)	(27, 1128.0)	(28, 1309.0)	(29, 2011.0)	(30, 2420.0)	(31, 109542.0)	(32, 92137.0)	(33, 77152.0)	(34, 79834.0)	(35, 85349.0)	(36, 98020.0)	(37, 112590.0)	(38, 121271.0)	(39, 132900.0)	(40, 145769.0)	(41, 163961.0)	(42, 188916.0)	(43, 134163.0)	(44, 123957.0)	(45, 128686.0)	(46, 136899.0)	(47, 141305.0)	(48, 145141.0)	(49, 146262.0)	(50, 149864.0)	(51, 31954544.0)
SRR27848286_1	(15, 1169.0)	(16, 1388.0)	(17, 3473.0)	(18, 2642.0)	(19, 1801.0)	(20, 1934.0)	(21, 5796.0)	(22, 16520.0)	(23, 18957.0)	(24, 9373.0)	(25, 9306.0)	(26, 14718.0)	(27, 20919.0)	(28, 35308.0)	(29, 51250.0)	(30, 65482.0)	(31, 164271.0)	(32, 78114.0)	(33, 66498.0)	(34, 70769.0)	(35, 72159.0)	(36, 80292.0)	(37, 93121.0)	(38, 98536.0)	(39, 108344.0)	(40, 116938.0)	(41, 130618.0)	(42, 150369.0)	(43, 109209.0)	(44, 99021.0)	(45, 102656.0)	(46, 112519.0)	(47, 112780.0)	(48, 115471.0)	(49, 115113.0)	(50, 118296.0)	(51, 25073391.0)
SRR27848286_2	(15, 424.0)	(16, 492.0)	(17, 408.0)	(18, 399.0)	(19, 505.0)	(20, 431.0)	(21, 663.0)	(22, 795.0)	(23, 1078.0)	(24, 993.0)	(25, 1072.0)	(26, 959.0)	(27, 797.0)	(28, 994.0)	(29, 1493.0)	(30, 1845.0)	(31, 90105.0)	(32, 77130.0)	(33, 65186.0)	(34, 70719.0)	(35, 72034.0)	(36, 79803.0)	(37, 92365.0)	(38, 98170.0)	(39, 107749.0)	(40, 116787.0)	(41, 130227.0)	(42, 146930.0)	(43, 105237.0)	(44, 98681.0)	(45, 101726.0)	(46, 108629.0)	(47, 112769.0)	(48, 115483.0)	(49, 115105.0)	(50, 118283.0)	(51, 25412055.0)
SRR27848287_1	(15, 424.0)	(16, 424.0)	(17, 848.0)	(18, 827.0)	(19, 1064.0)	(20, 1475.0)	(21, 5246.0)	(22, 15512.0)	(23, 17212.0)	(24, 7721.0)	(25, 8190.0)	(26, 12890.0)	(27, 17768.0)	(28, 29694.0)	(29, 46573.0)	(30, 60001.0)	(31, 155110.0)	(32, 72195.0)	(33, 61221.0)	(34, 63861.0)	(35, 68374.0)	(36, 78755.0)	(37, 91503.0)	(38, 100521.0)	(39, 110535.0)	(40, 123403.0)	(41, 138397.0)	(42, 160881.0)	(43, 118139.0)	(44, 109019.0)	(45, 114518.0)	(46, 125084.0)	(47, 125971.0)	(48, 131165.0)	(49, 132604.0)	(50, 136605.0)	(51, 25128224.0)
SRR27848287_2	(15, 396.0)	(16, 504.0)	(17, 415.0)	(18, 391.0)	(19, 471.0)	(20, 477.0)	(21, 559.0)	(22, 726.0)	(23, 966.0)	(24, 1057.0)	(25, 1055.0)	(26, 1032.0)	(27, 859.0)	(28, 1091.0)	(29, 1634.0)	(30, 1974.0)	(31, 84564.0)	(32, 71421.0)	(33, 60096.0)	(34, 63741.0)	(35, 68285.0)	(36, 78602.0)	(37, 90705.0)	(38, 100079.0)	(39, 110244.0)	(40, 122773.0)	(41, 137823.0)	(42, 158736.0)	(43, 114275.0)	(44, 108738.0)	(45, 113491.0)	(46, 121290.0)	(47, 125954.0)	(48, 131190.0)	(49, 132589.0)	(50, 136573.0)	(51, 25427178.0)
SRR27848288_1	(15, 597.0)	(16, 500.0)	(17, 1156.0)	(18, 970.0)	(19, 1282.0)	(20, 1593.0)	(21, 5267.0)	(22, 15148.0)	(23, 16618.0)	(24, 7594.0)	(25, 7699.0)	(26, 12357.0)	(27, 16427.0)	(28, 28614.0)	(29, 42468.0)	(30, 55373.0)	(31, 137595.0)	(32, 64674.0)	(33, 55326.0)	(34, 58287.0)	(35, 59694.0)	(36, 67189.0)	(37, 79867.0)	(38, 85796.0)	(39, 94946.0)	(40, 104170.0)	(41, 121640.0)	(42, 145519.0)	(43, 100150.0)	(44, 86502.0)	(45, 91330.0)	(46, 101699.0)	(47, 101369.0)	(48, 103760.0)	(49, 105062.0)	(50, 107830.0)	(51, 29031649.0)
SRR27848288_2	(15, 497.0)	(16, 493.0)	(17, 465.0)	(18, 465.0)	(19, 506.0)	(20, 462.0)	(21, 680.0)	(22, 895.0)	(23, 1338.0)	(24, 1035.0)	(25, 1131.0)	(26, 966.0)	(27, 870.0)	(28, 1173.0)	(29, 1693.0)	(30, 2045.0)	(31, 75071.0)	(32, 62903.0)	(33, 52931.0)	(34, 57917.0)	(35, 59284.0)	(36, 66858.0)	(37, 78662.0)	(38, 84080.0)	(39, 93845.0)	(40, 102846.0)	(41, 121004.0)	(42, 142102.0)	(43, 95283.0)	(44, 86169.0)	(45, 90039.0)	(46, 96734.0)	(47, 101357.0)	(48, 103804.0)	(49, 105057.0)	(50, 107851.0)	(51, 29319206.0)
SRR27848289_1	(15, 354.0)	(16, 352.0)	(17, 680.0)	(18, 599.0)	(19, 1034.0)	(20, 1445.0)	(21, 4675.0)	(22, 14755.0)	(23, 16183.0)	(24, 7094.0)	(25, 7356.0)	(26, 13179.0)	(27, 15633.0)	(28, 27034.0)	(29, 44389.0)	(30, 51857.0)	(31, 131179.0)	(32, 62628.0)	(33, 52636.0)	(34, 55960.0)	(35, 58316.0)	(36, 67066.0)	(37, 78603.0)	(38, 85246.0)	(39, 93657.0)	(40, 103582.0)	(41, 119245.0)	(42, 143503.0)	(43, 99874.0)	(44, 89405.0)	(45, 94330.0)	(46, 105254.0)	(47, 104483.0)	(48, 108243.0)	(49, 110208.0)	(50, 113590.0)	(51, 27981895.0)
SRR27848289_2	(15, 375.0)	(16, 414.0)	(17, 400.0)	(18, 416.0)	(19, 528.0)	(20, 466.0)	(21, 618.0)	(22, 735.0)	(23, 1206.0)	(24, 1073.0)	(25, 1110.0)	(26, 1003.0)	(27, 853.0)	(28, 1098.0)	(29, 1632.0)	(30, 1968.0)	(31, 71881.0)	(32, 61560.0)	(33, 51103.0)	(34, 55992.0)	(35, 58224.0)	(36, 66870.0)	(37, 77367.0)	(38, 84408.0)	(39, 92637.0)	(40, 103096.0)	(41, 118028.0)	(42, 139714.0)	(43, 95572.0)	(44, 89096.0)	(45, 93162.0)	(46, 100358.0)	(47, 104476.0)	(48, 108236.0)	(49, 110198.0)	(50, 113617.0)	(51, 28256032.0)
SRR27848290_1	(15, 348.0)	(16, 432.0)	(17, 706.0)	(18, 637.0)	(19, 947.0)	(20, 1114.0)	(21, 3855.0)	(22, 11440.0)	(23, 12498.0)	(24, 6056.0)	(25, 6072.0)	(26, 10061.0)	(27, 13395.0)	(28, 22856.0)	(29, 36119.0)	(30, 45710.0)	(31, 118633.0)	(32, 56566.0)	(33, 48071.0)	(34, 50692.0)	(35, 53853.0)	(36, 61766.0)	(37, 72711.0)	(38, 80035.0)	(39, 90293.0)	(40, 100597.0)	(41, 116271.0)	(42, 141430.0)	(43, 96910.0)	(44, 85510.0)	(45, 90232.0)	(46, 100995.0)	(47, 100378.0)	(48, 106753.0)	(49, 107452.0)	(50, 111829.0)	(51, 27232202.0)
SRR27848290_2	(15, 471.0)	(16, 490.0)	(17, 431.0)	(18, 412.0)	(19, 541.0)	(20, 455.0)	(21, 616.0)	(22, 760.0)	(23, 1107.0)	(24, 1059.0)	(25, 1064.0)	(26, 937.0)	(27, 859.0)	(28, 1090.0)	(29, 1568.0)	(30, 1978.0)	(31, 65452.0)	(32, 55808.0)	(33, 47028.0)	(34, 50690.0)	(35, 53765.0)	(36, 61385.0)	(37, 72096.0)	(38, 79651.0)	(39, 89494.0)	(40, 100107.0)	(41, 116196.0)	(42, 138121.0)	(43, 92547.0)	(44, 85218.0)	(45, 89263.0)	(46, 96861.0)	(47, 100385.0)	(48, 106783.0)	(49, 107453.0)	(50, 111802.0)	(51, 27461482.0)
SRR27848291_1	(15, 478.0)	(16, 402.0)	(17, 1195.0)	(18, 1147.0)	(19, 1115.0)	(20, 1541.0)	(21, 5458.0)	(22, 15663.0)	(23, 17272.0)	(24, 8326.0)	(25, 8352.0)	(26, 13809.0)	(27, 18469.0)	(28, 30913.0)	(29, 46497.0)	(30, 59991.0)	(31, 151553.0)	(32, 70172.0)	(33, 59360.0)	(34, 63483.0)	(35, 65610.0)	(36, 75787.0)	(37, 87495.0)	(38, 94475.0)	(39, 104949.0)	(40, 113924.0)	(41, 128264.0)	(42, 149399.0)	(43, 109244.0)	(44, 98775.0)	(45, 103601.0)	(46, 111880.0)	(47, 113112.0)	(48, 116896.0)	(49, 118931.0)	(50, 122695.0)	(51, 23408261.0)
SRR27848291_2	(15, 375.0)	(16, 427.0)	(17, 437.0)	(18, 394.0)	(19, 436.0)	(20, 402.0)	(21, 576.0)	(22, 699.0)	(23, 994.0)	(24, 893.0)	(25, 910.0)	(26, 906.0)	(27, 894.0)	(28, 1013.0)	(29, 1418.0)	(30, 1701.0)	(31, 82750.0)	(32, 69810.0)	(33, 58661.0)	(34, 63617.0)	(35, 65547.0)	(36, 75655.0)	(37, 87030.0)	(38, 94182.0)	(39, 104157.0)	(40, 113871.0)	(41, 127629.0)	(42, 146522.0)	(43, 105575.0)	(44, 98455.0)	(45, 102624.0)	(46, 108483.0)	(47, 113104.0)	(48, 116836.0)	(49, 118938.0)	(50, 122692.0)	(51, 23709881.0)
SRR27848292_1	(15, 411.0)	(16, 381.0)	(17, 699.0)	(18, 723.0)	(19, 896.0)	(20, 1131.0)	(21, 3696.0)	(22, 10921.0)	(23, 12137.0)	(24, 5854.0)	(25, 5838.0)	(26, 10378.0)	(27, 12724.0)	(28, 21775.0)	(29, 35445.0)	(30, 42123.0)	(31, 105996.0)	(32, 50605.0)	(33, 43485.0)	(34, 45883.0)	(35, 48258.0)	(36, 55023.0)	(37, 63984.0)	(38, 70105.0)	(39, 78211.0)	(40, 88029.0)	(41, 101216.0)	(42, 123387.0)	(43, 84316.0)	(44, 73084.0)	(45, 78259.0)	(46, 86389.0)	(47, 85905.0)	(48, 90266.0)	(49, 90908.0)	(50, 94170.0)	(51, 24233789.0)
SRR27848292_2	(15, 387.0)	(16, 436.0)	(17, 382.0)	(18, 364.0)	(19, 465.0)	(20, 426.0)	(21, 599.0)	(22, 692.0)	(23, 994.0)	(24, 933.0)	(25, 938.0)	(26, 941.0)	(27, 807.0)	(28, 954.0)	(29, 1441.0)	(30, 1768.0)	(31, 58323.0)	(32, 49619.0)	(33, 42224.0)	(34, 45846.0)	(35, 48136.0)	(36, 54748.0)	(37, 63261.0)	(38, 69433.0)	(39, 77651.0)	(40, 87499.0)	(41, 100956.0)	(42, 120125.0)	(43, 80064.0)	(44, 72834.0)	(45, 77255.0)	(46, 82562.0)	(47, 85897.0)	(48, 90275.0)	(49, 90881.0)	(50, 94196.0)	(51, 24452088.0)
SRR27848293_1	(15, 585.0)	(16, 430.0)	(17, 1357.0)	(18, 1074.0)	(19, 1391.0)	(20, 1653.0)	(21, 6132.0)	(22, 18069.0)	(23, 19826.0)	(24, 8965.0)	(25, 8965.0)	(26, 14295.0)	(27, 19295.0)	(28, 32797.0)	(29, 47461.0)	(30, 62587.0)	(31, 158809.0)	(32, 75310.0)	(33, 62690.0)	(34, 64926.0)	(35, 67976.0)	(36, 77747.0)	(37, 89195.0)	(38, 96193.0)	(39, 104876.0)	(40, 114426.0)	(41, 128378.0)	(42, 149218.0)	(43, 110068.0)	(44, 100228.0)	(45, 104909.0)	(46, 114774.0)	(47, 113409.0)	(48, 118720.0)	(49, 119158.0)	(50, 122428.0)	(51, 24043946.0)
SRR27848293_2	(15, 350.0)	(16, 431.0)	(17, 404.0)	(18, 398.0)	(19, 465.0)	(20, 429.0)	(21, 588.0)	(22, 708.0)	(23, 1097.0)	(24, 954.0)	(25, 898.0)	(26, 939.0)	(27, 850.0)	(28, 988.0)	(29, 1477.0)	(30, 1841.0)	(31, 87242.0)	(32, 74378.0)	(33, 61403.0)	(34, 64739.0)	(35, 67900.0)	(36, 77418.0)	(37, 88596.0)	(38, 95534.0)	(39, 104338.0)	(40, 114249.0)	(41, 127997.0)	(42, 146896.0)	(43, 106209.0)	(44, 99871.0)	(45, 103886.0)	(46, 110877.0)	(47, 113447.0)	(48, 118692.0)	(49, 119179.0)	(50, 122381.0)	(51, 24364217.0)
SRR27848294_1	(15, 359.0)	(16, 383.0)	(17, 747.0)	(18, 686.0)	(19, 1069.0)	(20, 1418.0)	(21, 5205.0)	(22, 15590.0)	(23, 16805.0)	(24, 7710.0)	(25, 7557.0)	(26, 11832.0)	(27, 17057.0)	(28, 28121.0)	(29, 41218.0)	(30, 56431.0)	(31, 145269.0)	(32, 68816.0)	(33, 57462.0)	(34, 57966.0)	(35, 63187.0)	(36, 73209.0)	(37, 85933.0)	(38, 93502.0)	(39, 102859.0)	(40, 112801.0)	(41, 128280.0)	(42, 152724.0)	(43, 109676.0)	(44, 98084.0)	(45, 104010.0)	(46, 113981.0)	(47, 114608.0)	(48, 119737.0)	(49, 121995.0)	(50, 125154.0)	(51, 26468051.0)
SRR27848294_2	(15, 380.0)	(16, 465.0)	(17, 442.0)	(18, 427.0)	(19, 462.0)	(20, 477.0)	(21, 584.0)	(22, 773.0)	(23, 1124.0)	(24, 1087.0)	(25, 1058.0)	(26, 923.0)	(27, 789.0)	(28, 987.0)	(29, 1584.0)	(30, 1903.0)	(31, 79980.0)	(32, 68025.0)	(33, 56453.0)	(34, 57857.0)	(35, 63085.0)	(36, 72890.0)	(37, 85160.0)	(38, 93101.0)	(39, 101919.0)	(40, 112407.0)	(41, 127650.0)	(42, 149645.0)	(43, 105379.0)	(44, 97732.0)	(45, 102994.0)	(46, 110028.0)	(47, 114619.0)	(48, 119740.0)	(49, 121961.0)	(50, 125139.0)	(51, 26750263.0)
SRR27848295_1	(15, 707.0)	(16, 626.0)	(17, 1817.0)	(18, 1536.0)	(19, 1218.0)	(20, 1426.0)	(21, 4506.0)	(22, 13291.0)	(23, 14427.0)	(24, 6583.0)	(25, 6774.0)	(26, 10747.0)	(27, 14202.0)	(28, 24118.0)	(29, 35778.0)	(30, 47291.0)	(31, 118943.0)	(32, 55536.0)	(33, 47155.0)	(34, 49922.0)	(35, 52247.0)	(36, 60403.0)	(37, 70045.0)	(38, 75178.0)	(39, 82852.0)	(40, 90694.0)	(41, 104183.0)	(42, 125454.0)	(43, 88002.0)	(44, 78852.0)	(45, 83468.0)	(46, 91473.0)	(47, 91883.0)	(48, 95272.0)	(49, 96826.0)	(50, 100333.0)	(51, 22564491.0)
SRR27848295_2	(15, 367.0)	(16, 384.0)	(17, 343.0)	(18, 323.0)	(19, 427.0)	(20, 348.0)	(21, 516.0)	(22, 660.0)	(23, 955.0)	(24, 902.0)	(25, 902.0)	(26, 795.0)	(27, 702.0)	(28, 868.0)	(29, 1354.0)	(30, 1642.0)	(31, 65889.0)	(32, 55276.0)	(33, 46493.0)	(34, 49754.0)	(35, 52205.0)	(36, 60020.0)	(37, 69500.0)	(38, 74511.0)	(39, 82251.0)	(40, 90341.0)	(41, 104231.0)	(42, 121958.0)	(43, 84311.0)	(44, 78581.0)	(45, 82634.0)	(46, 87654.0)	(47, 91882.0)	(48, 95253.0)	(49, 96832.0)	(50, 100313.0)	(51, 22806882.0)
SRR27848296_1	(15, 454.0)	(16, 397.0)	(17, 1148.0)	(18, 988.0)	(19, 805.0)	(20, 1076.0)	(21, 3541.0)	(22, 10536.0)	(23, 11562.0)	(24, 5350.0)	(25, 5201.0)	(26, 8295.0)	(27, 11259.0)	(28, 19366.0)	(29, 28742.0)	(30, 39244.0)	(31, 100120.0)	(32, 47629.0)	(33, 40507.0)	(34, 41061.0)	(35, 43776.0)	(36, 50084.0)	(37, 59672.0)	(38, 64728.0)	(39, 72926.0)	(40, 80072.0)	(41, 92374.0)	(42, 109342.0)	(43, 76936.0)	(44, 68511.0)	(45, 72135.0)	(46, 78970.0)	(47, 79828.0)	(48, 83110.0)	(49, 85434.0)	(50, 87196.0)	(51, 19957940.0)
SRR27848296_2	(15, 321.0)	(16, 332.0)	(17, 325.0)	(18, 318.0)	(19, 384.0)	(20, 321.0)	(21, 515.0)	(22, 549.0)	(23, 788.0)	(24, 766.0)	(25, 750.0)	(26, 734.0)	(27, 657.0)	(28, 799.0)	(29, 1202.0)	(30, 1481.0)	(31, 54830.0)	(32, 46889.0)	(33, 39444.0)	(34, 40957.0)	(35, 43769.0)	(36, 49857.0)	(37, 58996.0)	(38, 64385.0)	(39, 72399.0)	(40, 79979.0)	(41, 92320.0)	(42, 107439.0)	(43, 74118.0)	(44, 68262.0)	(45, 71278.0)	(46, 75979.0)	(47, 79862.0)	(48, 83113.0)	(49, 85452.0)	(50, 87212.0)	(51, 20153533.0)
SRR27848297_1	(15, 346.0)	(16, 323.0)	(17, 689.0)	(18, 631.0)	(19, 808.0)	(20, 1181.0)	(21, 3781.0)	(22, 11418.0)	(23, 12594.0)	(24, 5751.0)	(25, 5936.0)	(26, 9499.0)	(27, 13353.0)	(28, 22240.0)	(29, 33257.0)	(30, 44342.0)	(31, 114628.0)	(32, 54835.0)	(33, 45899.0)	(34, 46980.0)	(35, 50700.0)	(36, 58773.0)	(37, 68622.0)	(38, 74195.0)	(39, 82634.0)	(40, 90098.0)	(41, 103628.0)	(42, 122420.0)	(43, 88879.0)	(44, 79968.0)	(45, 84650.0)	(46, 92977.0)	(47, 93374.0)	(48, 96753.0)	(49, 98297.0)	(50, 101997.0)	(51, 21492573.0)
SRR27848297_2	(15, 301.0)	(16, 376.0)	(17, 383.0)	(18, 337.0)	(19, 392.0)	(20, 379.0)	(21, 498.0)	(22, 608.0)	(23, 938.0)	(24, 744.0)	(25, 809.0)	(26, 725.0)	(27, 658.0)	(28, 845.0)	(29, 1242.0)	(30, 1598.0)	(31, 63036.0)	(32, 53794.0)	(33, 44439.0)	(34, 46891.0)	(35, 50503.0)	(36, 58411.0)	(37, 67990.0)	(38, 73683.0)	(39, 82109.0)	(40, 89898.0)	(41, 103377.0)	(42, 120182.0)	(43, 85765.0)	(44, 79707.0)	(45, 83818.0)	(46, 89679.0)	(47, 93360.0)	(48, 96778.0)	(49, 98328.0)	(50, 101989.0)	(51, 21714459.0)
SRR27848298_1	(15, 523.0)	(16, 529.0)	(17, 1306.0)	(18, 1039.0)	(19, 1247.0)	(20, 1663.0)	(21, 5888.0)	(22, 16757.0)	(23, 18790.0)	(24, 8663.0)	(25, 8868.0)	(26, 13856.0)	(27, 19585.0)	(28, 32129.0)	(29, 47233.0)	(30, 63340.0)	(31, 161317.0)	(32, 75543.0)	(33, 64477.0)	(34, 66161.0)	(35, 71139.0)	(36, 81115.0)	(37, 95079.0)	(38, 102262.0)	(39, 114082.0)	(40, 125338.0)	(41, 142511.0)	(42, 170076.0)	(43, 121424.0)	(44, 109010.0)	(45, 114731.0)	(46, 125661.0)	(47, 126461.0)	(48, 130375.0)	(49, 132748.0)	(50, 136896.0)	(51, 29425227.0)
SRR27848298_2	(15, 471.0)	(16, 533.0)	(17, 437.0)	(18, 461.0)	(19, 466.0)	(20, 486.0)	(21, 673.0)	(22, 933.0)	(23, 1203.0)	(24, 1141.0)	(25, 1199.0)	(26, 1170.0)	(27, 1020.0)	(28, 1177.0)	(29, 1745.0)	(30, 2190.0)	(31, 88055.0)	(32, 74521.0)	(33, 63159.0)	(34, 66111.0)	(35, 71043.0)	(36, 80684.0)	(37, 94389.0)	(38, 101749.0)	(39, 113377.0)	(40, 124653.0)	(41, 142135.0)	(42, 166999.0)	(43, 116694.0)	(44, 108645.0)	(45, 113652.0)	(46, 121269.0)	(47, 126426.0)	(48, 130363.0)	(49, 132755.0)	(50, 136910.0)	(51, 29744155.0)
SRR27848299_1	(15, 525.0)	(16, 506.0)	(17, 1020.0)	(18, 922.0)	(19, 920.0)	(20, 1285.0)	(21, 4319.0)	(22, 12810.0)	(23, 14845.0)	(24, 7398.0)	(25, 7400.0)	(26, 12616.0)	(27, 17054.0)	(28, 29427.0)	(29, 44439.0)	(30, 58464.0)	(31, 151618.0)	(32, 73250.0)	(33, 62782.0)	(34, 65972.0)	(35, 71913.0)	(36, 82415.0)	(37, 97077.0)	(38, 105405.0)	(39, 115905.0)	(40, 128209.0)	(41, 146079.0)	(42, 174125.0)	(43, 127446.0)	(44, 115320.0)	(45, 121995.0)	(46, 133108.0)	(47, 134981.0)	(48, 139213.0)	(49, 142235.0)	(50, 144875.0)	(51, 30312824.0)
SRR27848299_2	(15, 463.0)	(16, 541.0)	(17, 507.0)	(18, 489.0)	(19, 556.0)	(20, 567.0)	(21, 724.0)	(22, 891.0)	(23, 1256.0)	(24, 1165.0)	(25, 1235.0)	(26, 1208.0)	(27, 1014.0)	(28, 1204.0)	(29, 1790.0)	(30, 2243.0)	(31, 83306.0)	(32, 72272.0)	(33, 61056.0)	(34, 65684.0)	(35, 71880.0)	(36, 82173.0)	(37, 96624.0)	(38, 104853.0)	(39, 115516.0)	(40, 127822.0)	(41, 146270.0)	(42, 171473.0)	(43, 122817.0)	(44, 114967.0)	(45, 120923.0)	(46, 129050.0)	(47, 134976.0)	(48, 139166.0)	(49, 142252.0)	(50, 144839.0)	(51, 30596925.0)
SRR27848300_1	(15, 414.0)	(16, 446.0)	(17, 958.0)	(18, 710.0)	(19, 968.0)	(20, 1378.0)	(21, 4691.0)	(22, 13994.0)	(23, 15620.0)	(24, 7632.0)	(25, 7956.0)	(26, 13305.0)	(27, 17755.0)	(28, 30133.0)	(29, 46479.0)	(30, 59777.0)	(31, 154881.0)	(32, 74172.0)	(33, 62616.0)	(34, 63947.0)	(35, 70143.0)	(36, 80895.0)	(37, 92668.0)	(38, 102126.0)	(39, 112654.0)	(40, 125395.0)	(41, 142025.0)	(42, 169975.0)	(43, 121016.0)	(44, 108632.0)	(45, 114276.0)	(46, 124345.0)	(47, 124076.0)	(48, 129294.0)	(49, 132627.0)	(50, 135808.0)	(51, 28894345.0)
SRR27848300_2	(15, 416.0)	(16, 561.0)	(17, 509.0)	(18, 466.0)	(19, 513.0)	(20, 554.0)	(21, 687.0)	(22, 897.0)	(23, 1184.0)	(24, 1062.0)	(25, 1101.0)	(26, 1067.0)	(27, 1050.0)	(28, 1180.0)	(29, 1897.0)	(30, 2085.0)	(31, 85448.0)	(32, 73523.0)	(33, 61537.0)	(34, 63960.0)	(35, 69903.0)	(36, 80680.0)	(37, 92104.0)	(38, 101735.0)	(39, 112175.0)	(40, 124729.0)	(41, 141455.0)	(42, 166759.0)	(43, 116459.0)	(44, 108342.0)	(45, 113161.0)	(46, 120157.0)	(47, 124130.0)	(48, 129261.0)	(49, 132634.0)	(50, 135837.0)	(51, 29188914.0)
SRR27848301_1	(15, 1136.0)	(16, 915.0)	(17, 921.0)	(18, 745.0)	(19, 690.0)	(20, 737.0)	(21, 842.0)	(22, 1099.0)	(23, 871.0)	(24, 790.0)	(25, 894.0)	(26, 931.0)	(27, 930.0)	(28, 1206.0)	(29, 1987.0)	(30, 2494.0)	(31, 41288.0)	(32, 36201.0)	(33, 31334.0)	(34, 28849.0)	(35, 32296.0)	(36, 38265.0)	(37, 47771.0)	(38, 54320.0)	(39, 62489.0)	(40, 75817.0)	(41, 91237.0)	(42, 123212.0)	(43, 69962.0)	(44, 63961.0)	(45, 65804.0)	(46, 69886.0)	(47, 73935.0)	(48, 79989.0)	(49, 86279.0)	(50, 93574.0)	(51, 30127451.0)
SRR27848301_2	(15, 499.0)	(16, 634.0)	(17, 577.0)	(18, 538.0)	(19, 663.0)	(20, 589.0)	(21, 784.0)	(22, 947.0)	(23, 1190.0)	(24, 1134.0)	(25, 1141.0)	(26, 1151.0)	(27, 967.0)	(28, 1093.0)	(29, 1759.0)	(30, 2235.0)	(31, 40148.0)	(32, 34402.0)	(33, 29027.0)	(34, 28642.0)	(35, 32362.0)	(36, 38082.0)	(37, 46128.0)	(38, 54028.0)	(39, 62266.0)	(40, 75414.0)	(41, 95602.0)	(42, 123057.0)	(43, 72393.0)	(44, 63910.0)	(45, 65787.0)	(46, 69951.0)	(47, 73959.0)	(48, 80022.0)	(49, 86279.0)	(50, 93554.0)	(51, 30130194.0)
SRR27848302_1	(15, 1115.0)	(16, 1134.0)	(17, 1484.0)	(18, 1406.0)	(19, 1675.0)	(20, 1664.0)	(21, 3945.0)	(22, 9648.0)	(23, 11355.0)	(24, 4871.0)	(25, 4643.0)	(26, 6605.0)	(27, 9375.0)	(28, 15475.0)	(29, 24461.0)	(30, 35255.0)	(31, 96922.0)	(32, 48305.0)	(33, 39755.0)	(34, 36812.0)	(35, 41307.0)	(36, 48667.0)	(37, 59294.0)	(38, 66843.0)	(39, 75970.0)	(40, 90054.0)	(41, 105058.0)	(42, 141017.0)	(43, 90741.0)	(44, 79949.0)	(45, 82323.0)	(46, 90555.0)	(47, 90357.0)	(48, 96729.0)	(49, 101541.0)	(50, 109623.0)	(51, 29257964.0)
SRR27848302_2	(15, 541.0)	(16, 585.0)	(17, 565.0)	(18, 518.0)	(19, 598.0)	(20, 603.0)	(21, 791.0)	(22, 947.0)	(23, 1147.0)	(24, 1203.0)	(25, 1158.0)	(26, 1223.0)	(27, 990.0)	(28, 1162.0)	(29, 1832.0)	(30, 2248.0)	(31, 55304.0)	(32, 46692.0)	(33, 37917.0)	(34, 36852.0)	(35, 41496.0)	(36, 48740.0)	(37, 58377.0)	(38, 66681.0)	(39, 75981.0)	(40, 89920.0)	(41, 113046.0)	(42, 140869.0)	(43, 87585.0)	(44, 79597.0)	(45, 81096.0)	(46, 86026.0)	(47, 90386.0)	(48, 96710.0)	(49, 101623.0)	(50, 109618.0)	(51, 29423270.0)
SRR27848303_1	(15, 952.0)	(16, 852.0)	(17, 1099.0)	(18, 1174.0)	(19, 1393.0)	(20, 1648.0)	(21, 3673.0)	(22, 9432.0)	(23, 11207.0)	(24, 4652.0)	(25, 4641.0)	(26, 7043.0)	(27, 10432.0)	(28, 17396.0)	(29, 26512.0)	(30, 37892.0)	(31, 102969.0)	(32, 50942.0)	(33, 41931.0)	(34, 41072.0)	(35, 46427.0)	(36, 56866.0)	(37, 68703.0)	(38, 78335.0)	(39, 91407.0)	(40, 107511.0)	(41, 128588.0)	(42, 163059.0)	(43, 108416.0)	(44, 95155.0)	(45, 100042.0)	(46, 110379.0)	(47, 111193.0)	(48, 119610.0)	(49, 126437.0)	(50, 134393.0)	(51, 32821699.0)
SRR27848303_2	(15, 499.0)	(16, 587.0)	(17, 500.0)	(18, 511.0)	(19, 706.0)	(20, 587.0)	(21, 744.0)	(22, 926.0)	(23, 1277.0)	(24, 1315.0)	(25, 1317.0)	(26, 1213.0)	(27, 1067.0)	(28, 1303.0)	(29, 1883.0)	(30, 2454.0)	(31, 58835.0)	(32, 49517.0)	(33, 40368.0)	(34, 41231.0)	(35, 46340.0)	(36, 56684.0)	(37, 67836.0)	(38, 77825.0)	(39, 90967.0)	(40, 107301.0)	(41, 129218.0)	(42, 160471.0)	(43, 104811.0)	(44, 94808.0)	(45, 98583.0)	(46, 104293.0)	(47, 111216.0)	(48, 119589.0)	(49, 126405.0)	(50, 134350.0)	(51, 33007595.0)
SRR27848304_1	(15, 1076.0)	(16, 1055.0)	(17, 1382.0)	(18, 1320.0)	(19, 1861.0)	(20, 2065.0)	(21, 4787.0)	(22, 12558.0)	(23, 14481.0)	(24, 5657.0)	(25, 5498.0)	(26, 8157.0)	(27, 11926.0)	(28, 19661.0)	(29, 29271.0)	(30, 42885.0)	(31, 115806.0)	(32, 57093.0)	(33, 46983.0)	(34, 44322.0)	(35, 49401.0)	(36, 59954.0)	(37, 71803.0)	(38, 80891.0)	(39, 92624.0)	(40, 108811.0)	(41, 127780.0)	(42, 159126.0)	(43, 109540.0)	(44, 97526.0)	(45, 100393.0)	(46, 110810.0)	(47, 110152.0)	(48, 117766.0)	(49, 123693.0)	(50, 134640.0)	(51, 29153596.0)
SRR27848304_2	(15, 483.0)	(16, 457.0)	(17, 449.0)	(18, 403.0)	(19, 618.0)	(20, 493.0)	(21, 687.0)	(22, 768.0)	(23, 1107.0)	(24, 1063.0)	(25, 1174.0)	(26, 1103.0)	(27, 915.0)	(28, 1047.0)	(29, 1697.0)	(30, 2028.0)	(31, 65370.0)	(32, 54842.0)	(33, 44156.0)	(34, 44122.0)	(35, 49448.0)	(36, 59822.0)	(37, 70080.0)	(38, 80147.0)	(39, 91945.0)	(40, 107909.0)	(41, 129643.0)	(42, 156531.0)	(43, 106710.0)	(44, 97111.0)	(45, 99169.0)	(46, 105278.0)	(47, 110203.0)	(48, 117729.0)	(49, 123723.0)	(50, 134586.0)	(51, 29373334.0)
SRR27848305_1	(15, 1075.0)	(16, 1039.0)	(17, 1311.0)	(18, 1161.0)	(19, 1571.0)	(20, 1808.0)	(21, 3718.0)	(22, 9606.0)	(23, 11112.0)	(24, 4649.0)	(25, 4427.0)	(26, 6644.0)	(27, 9365.0)	(28, 15899.0)	(29, 24127.0)	(30, 34880.0)	(31, 96334.0)	(32, 48160.0)	(33, 40059.0)	(34, 37708.0)	(35, 41912.0)	(36, 51053.0)	(37, 62115.0)	(38, 71574.0)	(39, 82874.0)	(40, 98894.0)	(41, 117916.0)	(42, 153354.0)	(43, 99352.0)	(44, 87103.0)	(45, 91173.0)	(46, 100048.0)	(47, 100233.0)	(48, 108015.0)	(49, 113412.0)	(50, 122505.0)	(51, 31057429.0)
SRR27848305_2	(15, 485.0)	(16, 530.0)	(17, 532.0)	(18, 505.0)	(19, 627.0)	(20, 523.0)	(21, 738.0)	(22, 897.0)	(23, 1263.0)	(24, 1078.0)	(25, 1144.0)	(26, 1163.0)	(27, 885.0)	(28, 1112.0)	(29, 1821.0)	(30, 2240.0)	(31, 54404.0)	(32, 45980.0)	(33, 37585.0)	(34, 37115.0)	(35, 41918.0)	(36, 50838.0)	(37, 60784.0)	(38, 70253.0)	(39, 81914.0)	(40, 97934.0)	(41, 119171.0)	(42, 150028.0)	(43, 96571.0)	(44, 86753.0)	(45, 89911.0)	(46, 94250.0)	(47, 100236.0)	(48, 107980.0)	(49, 113428.0)	(50, 122470.0)	(51, 31238549.0)
SRR27848306_1	(15, 1185.0)	(16, 954.0)	(17, 1106.0)	(18, 995.0)	(19, 1035.0)	(20, 1169.0)	(21, 1896.0)	(22, 3976.0)	(23, 4494.0)	(24, 2224.0)	(25, 2252.0)	(26, 3107.0)	(27, 4177.0)	(28, 6661.0)	(29, 10376.0)	(30, 15129.0)	(31, 40649.0)	(32, 23921.0)	(33, 21256.0)	(34, 18945.0)	(35, 19594.0)	(36, 24972.0)	(37, 33574.0)	(38, 38510.0)	(39, 47189.0)	(40, 60318.0)	(41, 78953.0)	(42, 120053.0)	(43, 56593.0)	(44, 41106.0)	(45, 44659.0)	(46, 52599.0)	(47, 49553.0)	(48, 54039.0)	(49, 58445.0)	(50, 63994.0)	(51, 35621186.0)
SRR27848306_2	(15, 584.0)	(16, 603.0)	(17, 578.0)	(18, 563.0)	(19, 648.0)	(20, 660.0)	(21, 817.0)	(22, 1002.0)	(23, 1382.0)	(24, 1332.0)	(25, 1386.0)	(26, 1290.0)	(27, 1001.0)	(28, 1296.0)	(29, 2067.0)	(30, 2587.0)	(31, 24158.0)	(32, 21387.0)	(33, 18050.0)	(34, 18711.0)	(35, 19653.0)	(36, 24690.0)	(37, 31743.0)	(38, 37810.0)	(39, 46185.0)	(40, 58927.0)	(41, 80103.0)	(42, 115375.0)	(43, 52676.0)	(44, 40830.0)	(45, 43373.0)	(46, 46286.0)	(47, 49538.0)	(48, 54078.0)	(49, 58482.0)	(50, 64001.0)	(51, 35706992.0)
SRR27848307_1	(15, 1179.0)	(16, 1083.0)	(17, 947.0)	(18, 745.0)	(19, 671.0)	(20, 778.0)	(21, 856.0)	(22, 945.0)	(23, 929.0)	(24, 801.0)	(25, 899.0)	(26, 1104.0)	(27, 999.0)	(28, 1311.0)	(29, 2158.0)	(30, 3068.0)	(31, 26941.0)	(32, 25265.0)	(33, 22288.0)	(34, 19445.0)	(35, 21060.0)	(36, 26288.0)	(37, 34852.0)	(38, 40162.0)	(39, 47950.0)	(40, 60407.0)	(41, 78248.0)	(42, 120687.0)	(43, 71290.0)	(44, 47194.0)	(45, 63061.0)	(46, 99993.0)	(47, 52355.0)	(48, 56884.0)	(49, 61232.0)	(50, 66532.0)	(51, 33419599.0)
SRR27848307_2	(15, 549.0)	(16, 530.0)	(17, 558.0)	(18, 474.0)	(19, 571.0)	(20, 609.0)	(21, 807.0)	(22, 929.0)	(23, 1327.0)	(24, 1164.0)	(25, 1163.0)	(26, 1136.0)	(27, 921.0)	(28, 1126.0)	(29, 1884.0)	(30, 2212.0)	(31, 25198.0)	(32, 22512.0)	(33, 18972.0)	(34, 19147.0)	(35, 20863.0)	(36, 25776.0)	(37, 32803.0)	(38, 39014.0)	(39, 46879.0)	(40, 59045.0)	(41, 79631.0)	(42, 111420.0)	(43, 53936.0)	(44, 43298.0)	(45, 46102.0)	(46, 48968.0)	(47, 52372.0)	(48, 56838.0)	(49, 61251.0)	(50, 66509.0)	(51, 33533712.0)
SRR27848308_1	(15, 1370.0)	(16, 1437.0)	(17, 2243.0)	(18, 2183.0)	(19, 2819.0)	(20, 2511.0)	(21, 4588.0)	(22, 11840.0)	(23, 13643.0)	(24, 5498.0)	(25, 4876.0)	(26, 7324.0)	(27, 9835.0)	(28, 15804.0)	(29, 23619.0)	(30, 33539.0)	(31, 89958.0)	(32, 44482.0)	(33, 36708.0)	(34, 34457.0)	(35, 37208.0)	(36, 44416.0)	(37, 55013.0)	(38, 62168.0)	(39, 72384.0)	(40, 85920.0)	(41, 101144.0)	(42, 135324.0)	(43, 85525.0)	(44, 73765.0)	(45, 77105.0)	(46, 85050.0)	(47, 84102.0)	(48, 90360.0)	(49, 96058.0)	(50, 104221.0)	(51, 30214328.0)
SRR27848308_2	(15, 539.0)	(16, 523.0)	(17, 479.0)	(18, 545.0)	(19, 618.0)	(20, 592.0)	(21, 777.0)	(22, 883.0)	(23, 1189.0)	(24, 1148.0)	(25, 1112.0)	(26, 1109.0)	(27, 880.0)	(28, 1128.0)	(29, 1744.0)	(30, 2158.0)	(31, 50405.0)	(32, 42283.0)	(33, 34203.0)	(34, 34291.0)	(35, 37121.0)	(36, 44454.0)	(37, 53496.0)	(38, 61182.0)	(39, 71474.0)	(40, 85637.0)	(41, 106086.0)	(42, 135031.0)	(43, 83233.0)	(44, 73379.0)	(45, 75675.0)	(46, 79851.0)	(47, 84122.0)	(48, 90356.0)	(49, 96060.0)	(50, 104140.0)	(51, 30394922.0)
SRR27848309_1	(15, 1066.0)	(16, 1091.0)	(17, 1339.0)	(18, 1240.0)	(19, 1326.0)	(20, 1405.0)	(21, 2551.0)	(22, 6095.0)	(23, 7010.0)	(24, 3078.0)	(25, 2906.0)	(26, 4234.0)	(27, 5850.0)	(28, 9131.0)	(29, 14072.0)	(30, 20442.0)	(31, 55491.0)	(32, 28366.0)	(33, 23349.0)	(34, 22891.0)	(35, 25097.0)	(36, 31649.0)	(37, 38591.0)	(38, 44789.0)	(39, 53908.0)	(40, 66861.0)	(41, 83594.0)	(42, 116239.0)	(43, 65286.0)	(44, 52820.0)	(45, 55775.0)	(46, 63908.0)	(47, 62476.0)	(48, 68204.0)	(49, 72611.0)	(50, 79541.0)	(51, 30791138.0)
SRR27848309_2	(15, 472.0)	(16, 522.0)	(17, 432.0)	(18, 453.0)	(19, 526.0)	(20, 495.0)	(21, 715.0)	(22, 821.0)	(23, 1008.0)	(24, 1021.0)	(25, 1127.0)	(26, 1091.0)	(27, 956.0)	(28, 1118.0)	(29, 1655.0)	(30, 2191.0)	(31, 32293.0)	(32, 27551.0)	(33, 22433.0)	(34, 23038.0)	(35, 25148.0)	(36, 31530.0)	(37, 38006.0)	(38, 44343.0)	(39, 53747.0)	(40, 66309.0)	(41, 84578.0)	(42, 113495.0)	(43, 61385.0)	(44, 52525.0)	(45, 54526.0)	(46, 58194.0)	(47, 62462.0)	(48, 68195.0)	(49, 72637.0)	(50, 79543.0)	(51, 30898879.0)
SRR27848310_1	(15, 1327.0)	(16, 1265.0)	(17, 1635.0)	(18, 1520.0)	(19, 1971.0)	(20, 1847.0)	(21, 3130.0)	(22, 7442.0)	(23, 8476.0)	(24, 3780.0)	(25, 3540.0)	(26, 5201.0)	(27, 7160.0)	(28, 11766.0)	(29, 17350.0)	(30, 24951.0)	(31, 68029.0)	(32, 33725.0)	(33, 28668.0)	(34, 26935.0)	(35, 30208.0)	(36, 37112.0)	(37, 46393.0)	(38, 53229.0)	(39, 62552.0)	(40, 75345.0)	(41, 93142.0)	(42, 125891.0)	(43, 72909.0)	(44, 60510.0)	(45, 63289.0)	(46, 71975.0)	(47, 70304.0)	(48, 76435.0)	(49, 80995.0)	(50, 87046.0)	(51, 32021200.0)
SRR27848310_2	(15, 473.0)	(16, 552.0)	(17, 490.0)	(18, 479.0)	(19, 644.0)	(20, 573.0)	(21, 809.0)	(22, 858.0)	(23, 1139.0)	(24, 1147.0)	(25, 1195.0)	(26, 1076.0)	(27, 847.0)	(28, 1042.0)	(29, 1860.0)	(30, 2241.0)	(31, 39015.0)	(32, 32442.0)	(33, 26997.0)	(34, 26982.0)	(35, 29983.0)	(36, 36719.0)	(37, 44835.0)	(38, 52304.0)	(39, 62020.0)	(40, 74941.0)	(41, 94044.0)	(42, 122162.0)	(43, 69969.0)	(44, 60142.0)	(45, 62015.0)	(46, 66248.0)	(47, 70316.0)	(48, 76418.0)	(49, 80998.0)	(50, 87002.0)	(51, 32157276.0)
SRR27848311_1	(15, 1341.0)	(16, 1227.0)	(17, 1221.0)	(18, 1048.0)	(19, 1192.0)	(20, 1199.0)	(21, 1999.0)	(22, 3770.0)	(23, 4149.0)	(24, 2084.0)	(25, 1885.0)	(26, 2778.0)	(27, 3595.0)	(28, 5754.0)	(29, 9005.0)	(30, 12506.0)	(31, 33887.0)	(32, 18394.0)	(33, 16402.0)	(34, 14980.0)	(35, 16334.0)	(36, 20419.0)	(37, 26729.0)	(38, 31020.0)	(39, 37113.0)	(40, 46396.0)	(41, 60579.0)	(42, 91287.0)	(43, 43790.0)	(44, 32173.0)	(45, 34869.0)	(46, 41212.0)	(47, 38640.0)	(48, 41862.0)	(49, 44451.0)	(50, 48945.0)	(51, 28670060.0)
SRR27848311_2	(15, 458.0)	(16, 509.0)	(17, 523.0)	(18, 426.0)	(19, 511.0)	(20, 562.0)	(21, 666.0)	(22, 729.0)	(23, 1085.0)	(24, 939.0)	(25, 1068.0)	(26, 1011.0)	(27, 811.0)	(28, 1075.0)	(29, 1668.0)	(30, 2010.0)	(31, 20081.0)	(32, 17032.0)	(33, 14708.0)	(34, 15292.0)	(35, 16285.0)	(36, 20220.0)	(37, 25228.0)	(38, 30346.0)	(39, 36476.0)	(40, 45582.0)	(41, 62047.0)	(42, 86697.0)	(43, 40463.0)	(44, 31834.0)	(45, 33616.0)	(46, 35706.0)	(47, 38620.0)	(48, 41852.0)	(49, 44457.0)	(50, 48914.0)	(51, 28744788.0)
